15 0.504333 0.505750 0.232000 0.068500
15 0.502667 0.578750 0.232000 0.068500
16 0.500833 0.653000 0.095667 0.074000
17 0.563167 0.713750 0.097000 0.030500
17 0.452500 0.717750 0.097000 0.030500
17 0.498833 0.236500 0.198333 0.046000
17 0.502333 0.180000 0.247333 0.044000
19 0.608833 0.312250 0.029000 0.042500
19 0.376167 0.277250 0.029000 0.042500
19 0.252833 0.635250 0.029000 0.042500
19 0.801500 0.724750 0.029000 0.042500
18 0.498500 0.362250 0.103000 0.153500
19 0.519833 0.937750 0.029000 0.042500
